02
02
02
03
00
08
02
02
00
02
01
03
04
02
04
01
04
44
34
96
1B
00
07
02
05
07
1F
00
06
02
05
00
02
02
B0
00
03
02
B1
00
05
02
B2
00
02
54
02
02
01
01
96
08
00
03
54
02
03
01
00
96
04
00
23
01
08
96
48
74
02
23
07
3D
00
22
01
08
96
57
74
02
22
00
14
02
23
07
3D
00
21
01
08
96
68
74
02
21
00
14
02
22
02
23
07
3D
00
20
01
08
96
7B
74
02
20
00
14
02
21
02
22
02
23
07
3D
00
06
01
07
02
07
03
06
00
10
02
20
00
11
02
21
00
12
02
22
00
13
02
23
07
04
00
00
00
00
00
00
00
00
00
00
00
00
00
00
00
00
00
00
00
00
00
00
00
00
00
00
00
00
00
00
00
00
00
00
00
00
00
00
00
00
00
00
00
00
00
00
00
00
00
00
00
00
00
00
00
00
00
00
00
00
00
00
00
00
00
00
00
00
00
00
00
00
00
00
00
00
00
00
00
00
00
00
00
00
00
00
00
00
00
00
00
00
00
00
00
00
00
00
00
00
00
00
00
00
00
00